100



856834115
870128690
654552922
207442309
1511588122
834068396
1846873530
966245083
1799388853
494387258
984674766
846455593
178804962
118245790
1920624725
839426280
187130533
1990378944
525017507
2083630786
312394492
1380390115
449643443
1612358838
1054413206
1158854875
1328639450
1475318056
604218959
1698402220
220584981
1461053074
421047262
875137903
1668495383
1932635384
1709206300
1367885266
751396819
1361111505
1862272524
1736071585
60083450
2041077486
1854317376
1980708175
733020118
2041447909
1823603472
1258037626
1977595047
2135997964
490944093
279754842
1600873155
1545357299
1438609718
782028957
873191707
2042828677
332947529
1093776688
1356398104
753994791
1968914592
877409839
539146527
1530637244
97811457
1290543347
744265101
1960083981
879131284
804348551
1853677820
585965012
637573079
439214290
479929273
313692903
1697251916
310040672
302207219
40712361
589795515
1903080374
1586069660
2028405233
537625684
311777719
1923750262
870573213
1405554408
1132664718
1624568005
1226985352
2010074558
16230884
610138948
2107886015