1000



856834115
870128690
654552922
207442309
1511588122
834068396
1846873530
966245083
1799388853
494387258
984674766
846455593
178804962
118245790
1920624725
839426280
187130533
1990378944
525017507
2083630786
312394492
1380390115
449643443
1612358838
1054413206
1158854875
1328639450
1475318056
604218959
1698402220
220584981
1461053074
421047262
875137903
1668495383
1932635384
1709206300
1367885266
751396819
1361111505
1862272524
1736071585
60083450
2041077486
1854317376
1980708175
733020118
2041447909
1823603472
1258037626
1977595047
2135997964
490944093
279754842
1600873155
1545357299
1438609718
782028957
873191707
2042828677
332947529
1093776688
1356398104
753994791
1968914592
877409839
539146527
1530637244
97811457
1290543347
744265101
1960083981
879131284
804348551
1853677820
585965012
637573079
439214290
479929273
313692903
1697251916
310040672
302207219
40712361
589795515
1903080374
1586069660
2028405233
537625684
311777719
1923750262
870573213
1405554408
1132664718
1624568005
1226985352
2010074558
16230884
610138948
2107886015
1306774231
1354404049
1920486349
38421868
11268952
1626680521
624386880
648842031
2065894811
1104316154
962534934
1615663080
1414356826
1264742154
1656375441
2004152341
1020338880
1094961454
1885073926
1557964564
1406739173
1661340541
281054130
664809933
646521611
1905622135
1891795285
509112521
1921853019
354450585
469514889
1081143603
1708854634
242517590
1119565471
1720123587
1869198111
1743952351
221481970
1787609274
700784857
1184016905
1255788706
2115141684
301275411
764680500
1971810377
1321614291
1859641954
1709400656
732095208
1118897479
1223257549
1013149338
1783707413
1869779160
771287825
1528019050
231408034
545657196
1882469636
700922923
1626800799
1443840622
943440513
598882622
1016480561
665154976
195351326
1237962532
305280602
896136183
274495789
1561069309
863794219
575771200
178266161
688120949
1897385491
2037908115
250037957
481997051
1009321946
1473295506
1495146389
645545711
1195591018
118950566
26081114
1426999052
664607763
1908550750
2127921975
143924914
1204907724
923878840
742807537
73904638
1589033816
938158863
1311867170
1894314419
1834295046
1586362959
1307900080
550605618
14650511
1486166241
1238726567
1912036002
1376590708
1488764524
246549406
238429006
814576382
1741695795
883974718
2010167400
1860646362
910055832
1289682805
377770477
671122934
1270121132
521695391
1876030658
46516325
1264502928
1949935296
1635550141
55178143
1114318818
1382380912
1889473190
553198129
542797344
292595160
567848640
2028963585
1531321727
332400995
1258070645
872602603
578950401
1496499652
1687178985
173162548
232990722
1549862737
2033808910
1143046554
692061894
264095739
1814169488
1962183027
785791131
1542716498
2008699352
2050294059
1345168147
1496765845
2105472203
312003317
731663110
1847461745
865201447
1274460454
2140056905
1433050087
1155940392
1523894984
1765451082
266527389
249013939
196917835
1763027041
1936192924
370080384
1996017763
1338572013
256405646
991580669
2030633908
520501386
658266509
1845333287
1306292517
53499360
1706548991
1209102928
1398667507
1055831188
1167091483
1710670824
1787494298
867069580
428388623
914471105
859642837
1861438711
2070411497
236054173
1479406145
189455238
485068112
1676323981
1952482280
273777388
2046404365
1801016395
1612349402
155326363
645113417
1495499662
675827749
1303379926
1193349301
1982120266
1356879286
752414644
1043739547
608063145
1808245832
63347382
171250322
1448256483
930416963
599638945
215243940
1790059800
313594008
138171789
2026113974
1793000154
327627027
363698438
1321840487
132625659
637475827
1220761204
1933642055
102341581
1376087567
431271824
1597841243
2051915317
1734651750
643706896
1886551935
944047389
1396121540
782807834
1552110534
1056883724
846155217
1723360856
357656559
1776572180
175516154
572900499
1419148332
489110162
711072288
1297778658
134626668
1038699316
1661477097
1456467155
1171324975
151469276
529744711
957483382
253810857
1905832279
1388755206
1851652100
1810263948
975923309
347875348
1549332235
1919970698
1743996888
184656422
1324597584
653396964
1030811639
900474793
1011053524
659900171
1075990947
1583954023
2079048503
1565101109
147542664
1229343514
1699727778
1186241980
743336963
1008711285
210083307
894806239
1538455997
1167566690
1148617096
1296804628
408838248
852785548
959584928
1384761557
1200660896
361433515
1157248607
797174136
546089937
334362544
1450571100
1576901576
1234837337
314140976
89318099
163344636
1898095000
20882955
1728445745
2045637664
1250226469
1280689875
1084395996
1993563432
141917513
1294479303
740886023
1680373510
314562345
1889503119
829694490
723400594
594805019
1789279418
2108162151
1795465915
3229285
1117927111
445156403
549319223
1452289655
1895727503
2126220799
539643344
62384832
68055251
702987980
1960479832
88938206
283950077
1858633848
1339164675
1564639953
795546196
1185244459
1706557466
2090025499
1926130482
1239447328
257104197
1668149953
2069141818
980504791
115471324
1710937588
941183294
1910937239
1714166873
2059110405
208609994
116002448
1363916412
2104337497
94739600
1903559756
19238681
162794851
459064088
1979718513
251733057
743014166
1690868713
1590897732
160170471
338931261
628658543
1866727937
281473113
407305377
958691617
538577310
2075455330
880349787
1519082101
43443006
443803727
312781747
1954380245
10486952
224408505
15506591
126489401
1588324917
2119844088
221229001
1344401026
2139082770
384023852
1803465114
1971317635
635756909
398995632
1514702701
79170993
559166103
1853633962
707829536
278410392
2135107075
1115134913
1237102009
526200737
1043106595
2117451796
2045282838
1086549601
413771875
210580938
893446198
424258828
434989443
908952789
550748229
2023314360
881313229
771977230
1220231738
872912351
1156001082
876213205
696746339
1791757991
1275208837
63965392
1870928984
1834374941
1917599354
431274872
2112785333
1905222782
1546409785
1202403695
283939871
442032732
1172371843
181739062
1528582333
1586143719
392320000
274544883
2010402547
827309443
1183497672
413667128
703140155
2064810901
1185644358
1923371894
790239605
194161792
652101451
1486985944
1985919783
1927310288
1550951336
1709365119
1614201581
1321067042
2140639991
1579503267
1078806176
1539566128
634423314
1362746048
1981598860
1806795157
1544485110
1362697545
1245455228
1936805110
1637242428
1108374127
616630905
673256452
1522041255
1319771060
590583705
560201965
1095659306
1380823310
754363757
1747760757
720325606
592799892
1527587398
123793294
154681363
994305331
1444860337
147837706
426324950
376182865
1687403834
1060748264
1738928913
1521519046
720059774
1135930375
736732943
1965515002
925251837
226491723
926405482
1541882742
899748175
300963089
714170155
1490331881
861165055
1809829461
723671543
1615528812
1410106571
1443997150
60845057
790210321
1567790444
215526420
1784515652
865167133
363364127
63356955
1241349999
2050767961
1124105219
832795264
1424803360
1844164993
1968725640
14052655
1662196348
746493829
240544379
441118182
140892924
1140292554
742081271
855063079
483140787
1603246326
517408892
1206812331
1071291491
1927515463
503325833
1132136548
570242136
2071116277
1347662968
207274141
788799763
1711027095
270631096
2030149762
1614311409
1394736315
715461378
891631121
1091417661
536703370
905683776
606130361
1283197200
1146228155
1047248543
1424090124
139037062
1789329814
131669555
622177849
1245092493
649078447
1828990180
168900336
429110263
184832365
1301036884
999352399
108464995
501216204
1206626540
897264758
64759652
1477257636
779930872
1679071061
724510304
1495392250
423218534
1815927965
2032095621
1328902310
274574678
1167809173
327646818
1321823221
444415649
466683880
963669387
576085204
1088861729
61278232
1225163651
770368262
230178568
1654273914
955200627
1531215452
506142666
1063665622
2032431657
1712769206
1960930380
2097191309
1042543195
593377604
1628778722
1767053499
2088769855
2051997256
1435497816
1973381828
1233415918
1710072494
993707353
1561062736
884412067
1438123002
2027746616
1848081454
2014208206
969124698
1909359687
1091888209
1739492960
2139538255
598678476
547209939
1523270060
1104821142
1610875562
1408218069
670106700
1424322294
1357925730
1712649895
2017699899
839220804
1332219746
1958986106
743734412
620233914
1784884286
1977150330
182822760
631107991
1390729419
1067234827
2069230993
1270992387
767832634
1935955551
92633437
529708673
880360112
1832126397
521763280
1479038588
231852689
2045033340
436376082
1842728251
1305767761
1106482783
1119566897
516209843
671649030
989783148
1355430647
2003868777
801285606
2099165059
476619043
438686244
1928831742
659441804
1069794235
1172077513
1726676631
991541580
295586252
347025617
780013483
388219690
876734290
1660373596
72862439
1398497571
991928536
304715128
1296047263
1428304619
2147443379
454331377
387303754
1119526629
970541220
1058952784
2109309777
178488220
915337913
763111736
130169631
1391956957
1201797980
2059001373
2051398761
124108568
1083595238
1630591744
1115650148
1379181491
1977617362
1895663632
1767401181
706868004
1408553580
1840263620
2105365575
252998468
2144978749
1253929191
1681303087
2144938480
1708260568
2068606841
1116981461
531318140
980075978
1078807591
709806360
1895413891
1841919327
839975992
1139887200
896233659
751493717
1043802313
1020342227
1835088956
526910410
2135992376
1066786799
357044124
1884172360
686704332
1063912128
1145242292
379484304
1021794056
1398240760
376979405
128239599
932060200
374434238
1836500167
853183393
1491415699
220334659
1833259371
422739642
930141020
1581189615
117175321
1770117012
573593167
1013408981
374127081
1617395481
2033751208
61732389
2144305891
2022259936
1128519188
353866367
1758948648
1815223520
1417778495
756707292
47224177
292088903
7464405
424203582
420328502
939524605
798637820
109345021
1792707998
142569872
329679681
1478483722
565309514
1259820701
912189689
682484836
882454065
1485782856
1695893817
1256581146
955694689
1582161377
1318313536
952516932
1456937666
299349076
1306383299
1068402666
2114572597
576678147
1825109959
14313126
868767050
1832574364
438516708
1289095553
624615321
1237154529
1398440574
269839671
1379724401
1728120255
1748323393
1945033915
840457308
513029434
480035103
1722911373
1998812291
28445272
832008872
807023332
1610606650
2838760
1759540265
920060668
302187836
918439916
1988463334
269276785
1495118063
1666089645
283589911
216401466
1351180361
722106620
1505497019
1975795682
1959261149
756453945
98151706
1191501902
337090553
1846475099
989052169
1177547861
212020886
1469087273
752975587
63349529
1497532545
1584984459
870372861
960655547
1587823219
482429478