5000



856834115
870128690
654552922
207442309
1511588122
834068396
1846873530
966245083
1799388853
494387258
984674766
846455593
178804962
118245790
1920624725
839426280
187130533
1990378944
525017507
2083630786
312394492
1380390115
449643443
1612358838
1054413206
1158854875
1328639450
1475318056
604218959
1698402220
220584981
1461053074
421047262
875137903
1668495383
1932635384
1709206300
1367885266
751396819
1361111505
1862272524
1736071585
60083450
2041077486
1854317376
1980708175
733020118
2041447909
1823603472
1258037626
1977595047
2135997964
490944093
279754842
1600873155
1545357299
1438609718
782028957
873191707
2042828677
332947529
1093776688
1356398104
753994791
1968914592
877409839
539146527
1530637244
97811457
1290543347
744265101
1960083981
879131284
804348551
1853677820
585965012
637573079
439214290
479929273
313692903
1697251916
310040672
302207219
40712361
589795515
1903080374
1586069660
2028405233
537625684
311777719
1923750262
870573213
1405554408
1132664718
1624568005
1226985352
2010074558
16230884
610138948
2107886015
1306774231
1354404049
1920486349
38421868
11268952
1626680521
624386880
648842031
2065894811
1104316154
962534934
1615663080
1414356826
1264742154
1656375441
2004152341
1020338880
1094961454
1885073926
1557964564
1406739173
1661340541
281054130
664809933
646521611
1905622135
1891795285
509112521
1921853019
354450585
469514889
1081143603
1708854634
242517590
1119565471
1720123587
1869198111
1743952351
221481970
1787609274
700784857
1184016905
1255788706
2115141684
301275411
764680500
1971810377
1321614291
1859641954
1709400656
732095208
1118897479
1223257549
1013149338
1783707413
1869779160
771287825
1528019050
231408034
545657196
1882469636
700922923
1626800799
1443840622
943440513
598882622
1016480561
665154976
195351326
1237962532
305280602
896136183
274495789
1561069309
863794219
575771200
178266161
688120949
1897385491
2037908115
250037957
481997051
1009321946
1473295506
1495146389
645545711
1195591018
118950566
26081114
1426999052
664607763
1908550750
2127921975
143924914
1204907724
923878840
742807537
73904638
1589033816
938158863
1311867170
1894314419
1834295046
1586362959
1307900080
550605618
14650511
1486166241
1238726567
1912036002
1376590708
1488764524
246549406
238429006
814576382
1741695795
883974718
2010167400
1860646362
910055832
1289682805
377770477
671122934
1270121132
521695391
1876030658
46516325
1264502928
1949935296
1635550141
55178143
1114318818
1382380912
1889473190
553198129
542797344
292595160
567848640
2028963585
1531321727
332400995
1258070645
872602603
578950401
1496499652
1687178985
173162548
232990722
1549862737
2033808910
1143046554
692061894
264095739
1814169488
1962183027
785791131
1542716498
2008699352
2050294059
1345168147
1496765845
2105472203
312003317
731663110
1847461745
865201447
1274460454
2140056905
1433050087
1155940392
1523894984
1765451082
266527389
249013939
196917835
1763027041
1936192924
370080384
1996017763
1338572013
256405646
991580669
2030633908
520501386
658266509
1845333287
1306292517
53499360
1706548991
1209102928
1398667507
1055831188
1167091483
1710670824
1787494298
867069580
428388623
914471105
859642837
1861438711
2070411497
236054173
1479406145
189455238
485068112
1676323981
1952482280
273777388
2046404365
1801016395
1612349402
155326363
645113417
1495499662
675827749
1303379926
1193349301
1982120266
1356879286
752414644
1043739547
608063145
1808245832
63347382
171250322
1448256483
930416963
599638945
215243940
1790059800
313594008
138171789
2026113974
1793000154
327627027
363698438
1321840487
132625659
637475827
1220761204
1933642055
102341581
1376087567
431271824
1597841243
2051915317
1734651750
643706896
1886551935
944047389
1396121540
782807834
1552110534
1056883724
846155217
1723360856
357656559
1776572180
175516154
572900499
1419148332
489110162
711072288
1297778658
134626668
1038699316
1661477097
1456467155
1171324975
151469276
529744711
957483382
253810857
1905832279
1388755206
1851652100
1810263948
975923309
347875348
1549332235
1919970698
1743996888
184656422
1324597584
653396964
1030811639
900474793
1011053524
659900171
1075990947
1583954023
2079048503
1565101109
147542664
1229343514
1699727778
1186241980
743336963
1008711285
210083307
894806239
1538455997
1167566690
1148617096
1296804628
408838248
852785548
959584928
1384761557
1200660896
361433515
1157248607
797174136
546089937
334362544
1450571100
1576901576
1234837337
314140976
89318099
163344636
1898095000
20882955
1728445745
2045637664
1250226469
1280689875
1084395996
1993563432
141917513
1294479303
740886023
1680373510
314562345
1889503119
829694490
723400594
594805019
1789279418
2108162151
1795465915
3229285
1117927111
445156403
549319223
1452289655
1895727503
2126220799
539643344
62384832
68055251
702987980
1960479832
88938206
283950077
1858633848
1339164675
1564639953
795546196
1185244459
1706557466
2090025499
1926130482
1239447328
257104197
1668149953
2069141818
980504791
115471324
1710937588
941183294
1910937239
1714166873
2059110405
208609994
116002448
1363916412
2104337497
94739600
1903559756
19238681
162794851
459064088
1979718513
251733057
743014166
1690868713
1590897732
160170471
338931261
628658543
1866727937
281473113
407305377
958691617
538577310
2075455330
880349787
1519082101
43443006
443803727
312781747
1954380245
10486952
224408505
15506591
126489401
1588324917
2119844088
221229001
1344401026
2139082770
384023852
1803465114
1971317635
635756909
398995632
1514702701
79170993
559166103
1853633962
707829536
278410392
2135107075
1115134913
1237102009
526200737
1043106595
2117451796
2045282838
1086549601
413771875
210580938
893446198
424258828
434989443
908952789
550748229
2023314360
881313229
771977230
1220231738
872912351
1156001082
876213205
696746339
1791757991
1275208837
63965392
1870928984
1834374941
1917599354
431274872
2112785333
1905222782
1546409785
1202403695
283939871
442032732
1172371843
181739062
1528582333
1586143719
392320000
274544883
2010402547
827309443
1183497672
413667128
703140155
2064810901
1185644358
1923371894
790239605
194161792
652101451
1486985944
1985919783
1927310288
1550951336
1709365119
1614201581
1321067042
2140639991
1579503267
1078806176
1539566128
634423314
1362746048
1981598860
1806795157
1544485110
1362697545
1245455228
1936805110
1637242428
1108374127
616630905
673256452
1522041255
1319771060
590583705
560201965
1095659306
1380823310
754363757
1747760757
720325606
592799892
1527587398
123793294
154681363
994305331
1444860337
147837706
426324950
376182865
1687403834
1060748264
1738928913
1521519046
720059774
1135930375
736732943
1965515002
925251837
226491723
926405482
1541882742
899748175
300963089
714170155
1490331881
861165055
1809829461
723671543
1615528812
1410106571
1443997150
60845057
790210321
1567790444
215526420
1784515652
865167133
363364127
63356955
1241349999
2050767961
1124105219
832795264
1424803360
1844164993
1968725640
14052655
1662196348
746493829
240544379
441118182
140892924
1140292554
742081271
855063079
483140787
1603246326
517408892
1206812331
1071291491
1927515463
503325833
1132136548
570242136
2071116277
1347662968
207274141
788799763
1711027095
270631096
2030149762
1614311409
1394736315
715461378
891631121
1091417661
536703370
905683776
606130361
1283197200
1146228155
1047248543
1424090124
139037062
1789329814
131669555
622177849
1245092493
649078447
1828990180
168900336
429110263
184832365
1301036884
999352399
108464995
501216204
1206626540
897264758
64759652
1477257636
779930872
1679071061
724510304
1495392250
423218534
1815927965
2032095621
1328902310
274574678
1167809173
327646818
1321823221
444415649
466683880
963669387
576085204
1088861729
61278232
1225163651
770368262
230178568
1654273914
955200627
1531215452
506142666
1063665622
2032431657
1712769206
1960930380
2097191309
1042543195
593377604
1628778722
1767053499
2088769855
2051997256
1435497816
1973381828
1233415918
1710072494
993707353
1561062736
884412067
1438123002
2027746616
1848081454
2014208206
969124698
1909359687
1091888209
1739492960
2139538255
598678476
547209939
1523270060
1104821142
1610875562
1408218069
670106700
1424322294
1357925730
1712649895
2017699899
839220804
1332219746
1958986106
743734412
620233914
1784884286
1977150330
182822760
631107991
1390729419
1067234827
2069230993
1270992387
767832634
1935955551
92633437
529708673
880360112
1832126397
521763280
1479038588
231852689
2045033340
436376082
1842728251
1305767761
1106482783
1119566897
516209843
671649030
989783148
1355430647
2003868777
801285606
2099165059
476619043
438686244
1928831742
659441804
1069794235
1172077513
1726676631
991541580
295586252
347025617
780013483
388219690
876734290
1660373596
72862439
1398497571
991928536
304715128
1296047263
1428304619
2147443379
454331377
387303754
1119526629
970541220
1058952784
2109309777
178488220
915337913
763111736
130169631
1391956957
1201797980
2059001373
2051398761
124108568
1083595238
1630591744
1115650148
1379181491
1977617362
1895663632
1767401181
706868004
1408553580
1840263620
2105365575
252998468
2144978749
1253929191
1681303087
2144938480
1708260568
2068606841
1116981461
531318140
980075978
1078807591
709806360
1895413891
1841919327
839975992
1139887200
896233659
751493717
1043802313
1020342227
1835088956
526910410
2135992376
1066786799
357044124
1884172360
686704332
1063912128
1145242292
379484304
1021794056
1398240760
376979405
128239599
932060200
374434238
1836500167
853183393
1491415699
220334659
1833259371
422739642
930141020
1581189615
117175321
1770117012
573593167
1013408981
374127081
1617395481
2033751208
61732389
2144305891
2022259936
1128519188
353866367
1758948648
1815223520
1417778495
756707292
47224177
292088903
7464405
424203582
420328502
939524605
798637820
109345021
1792707998
142569872
329679681
1478483722
565309514
1259820701
912189689
682484836
882454065
1485782856
1695893817
1256581146
955694689
1582161377
1318313536
952516932
1456937666
299349076
1306383299
1068402666
2114572597
576678147
1825109959
14313126
868767050
1832574364
438516708
1289095553
624615321
1237154529
1398440574
269839671
1379724401
1728120255
1748323393
1945033915
840457308
513029434
480035103
1722911373
1998812291
28445272
832008872
807023332
1610606650
2838760
1759540265
920060668
302187836
918439916
1988463334
269276785
1495118063
1666089645
283589911
216401466
1351180361
722106620
1505497019
1975795682
1959261149
756453945
98151706
1191501902
337090553
1846475099
989052169
1177547861
212020886
1469087273
752975587
63349529
1497532545
1584984459
870372861
960655547
1587823219
482429478
1880716215
1890011055
1400869395
1721695902
11804193
748503810
1240301899
295394104
964905276
443998613
1017500724
322918647
272310647
829278225
1079372593
370462353
2020780127
1416463146
69453805
862348649
446527359
281474691
183952274
1199502946
344824220
1681484819
637003757
1215197081
494656719
77343328
1697626560
227889286
1967354384
951012307
1949585188
1979158577
1699516117
1042403440
127069033
516937746
1486402053
1144569758
839856393
1758712700
1973847983
1919228986
2129175054
1847144463
1188208484
51145211
562009464
1634735844
332619902
745961738
686755142
677444122
279962909
1323758900
1892641203
774619628
1401102228
1442784115
1002508915
1220972964
246312774
804610455
1052647893
1945828892
1847013895
1179716927
315282990
1185932300
176803037
1155139383
797161353
3167372
926884722
778852759
1850311835
2115093206
829997970
264837651
1602345402
1162617872
1010799389
141616897
1840061994
1290762299
1465375797
1585219549
2065381927
718994377
880520017
920407194
1939967342
1126832791
1725017650
845131587
925178035
1424547897
2024848514
1240461025
462996550
54167903
248116761
1260157903
57335276
1175001483
2039010662
1907647111
1142611041
721524984
25001115
597472796
1884142856
1035800504
739089693
1576721202
179079155
56981842
1014457103
96977435
775976219
1894977120
1017384629
568459913
874326264
594918631
1413591501
1799504299
2019466529
1290956367
892481677
334979431
1345124271
1140598438
1595137334
1402459547
168116273
1486664348
1162623010
1310727314
60705684
1187624125
1908200110
1944848540
75940982
499806155
1374086094
255020137
556787997
241059549
351997572
1332764217
2136036670
1369382202
1901224130
862879286
1964300833
1167331983
514899937
1836283714
310804703
1407381614
23779497
1655928974
400496404
1618916831
910904873
568612677
958097531
2073527883
1879339992
1018803215
1113668361
1640056454
816168107
1189609343
2139862610
42770553
1444629480
549166959
283830103
1796627053
1881931176
272383125
1018525607
1635671659
1135262411
835342792
655519994
1650162348
524142859
966324697
910060315
547922356
474770023
1310556719
19355540
1385674896
1879169397
977453071
1311719132
1611025741
1996256287
277903845
1103598547
664940746
1467513188
1095977509
707711300
764659020
1645144469
991541403
413802425
1379591997
1263924528
1432328032
867780008
251703291
120187177
1523300003
1901865639
644330036
342141052
664442306
1192252392
816911076
1974999026
1211607932
55102324
1706684775
41577356
1366821456
1170226868
2037833643
1644725301
126341767
555290741
964754841
1222319277
1263002041
1729413862
719980098
107059796
2143216287
2099572095
1370984324
1428060672
819868456
1622687615
1548247849
195684811
1377069607
45094237
537825863
2041511913
1237346629
1354736939
1869027291
301470914
1409839264
1428228418
343048270
629177072
450971638
233398265
126418726
577313406
788689006
1091173567
1799632683
2051691048
673103781
372129133
11267196
668836421
324217580
1382251521
2096897093
1144086036
857455488
1497661294
1339770847
87041447
1542755531
1877596711
2128553361
632618512
1084850002
1850097004
934089426
347205618
1130841775
1277137696
976382691
1581813413
1510535961
1102801417
11643171
151741320
46491336
1811275854
55948720
719595118
35921339
67215916
1388431539
360138920
1449467437
1337844984
1504224956
159439278
688022630
696512156
246480725
83294513
426625219
227550438
715913025
1511475221
2077647443
1650002452
1858680840
1061005570
779656500
687579883
495335335
142708814
1790381300
506978507
294450134
1836872636
170770713
350398854
408984106
206692053
417614770
1797415645
566830973
1867082208
987776981
2071055929
2026521486
1675799611
620084437
125518563
1759094124
1046709656
353069002
327523502
410701230
283232797
1977525954
121898422
1344238367
609698806
809478305
1839573702
752407620
452375957
199068561
1046857754
141764945
369839275
1397256608
550749052
576531328
1814871379
200681049
1143362301
1534469939
1188458031
1066934582
1413507777
716773994
1687019020
1539026340
328384471
586245028
1892095342
655907973
996946258
27844491
485950279
1118844680
1372082858
1095649085
1928322985
1064172913
1848056706
233215294
1263241474
747430812
374980240
1633080749
2144687421
925729292
62128429
1812075152
1126410341
1205490730
1199061443
167384724
124941665
465085572
884158719
1811960685
2004111912
1212543190
250722065
1748723607
1868451163
1247668324
1776568098
206917794
219029356
1001167309
1302566879
2147352342
2065340222
1003139937
233083988
1181098048
1750570750
608064228
666695150
1747774523
1533793520
728823579
1412366027
512720214
1934314310
463943822
680104938
2059255975
929029394
1564263657
1723733012
785657658
629323199
1974455077
386897617
350290714
1074639753
15982068
557208508
1293669110
1017149377
1859775388
1293537804
935005951
715431677
1526621792
2116103999
318518779
2134686021
635315501
2066293302
1520995893
1364139081
1331175681
2033716107
1150969743
1795119503
566337398
1062742070
576665249
2130601055
638991434
1362322908
612440607
465962863
1749220525
962731321
1540602617
1765202593
1519939830
686788079
634868322
1232231570
1980325883
1569874273
1947663247
1359464027
1538494625
118698379
1346666400
26326478
37508033
720178646
1390465559
1368683715
606411105
393951654
1016319570
1172748503
1456693724
1592984820
1155865911
2095685158
807824080
1768306518
414164374
409560957
583554191
1954766991
27279903
2103494021
494071422
662148225
1188241943
326913657
84538851
988421543
1686377684
1623033476
1107119922
885560437
1649359954
1144627955
1605739083
892341866
365828022
64666540
1286293520
1382147593
1237415044
595503597
827648765
245797307
543705107
1635472845
2014103825
957869481
2045033802
450174368
765152824
2072313705
406184742
1259224246
586978283
1594426685
1586137903
671517134
435364580
1125031940
147066962
1542484502
2010592377
1796426916
539628810
1468847812
541285134
905456832
1533514352
1827578655
140120777
623445748
275598604
967769542
869243055
819303711
455758739
735863232
1777173193
353308894
1186037601
394842369
278138951
1592222343
1654066616
865117234
1039165380
1092720871
1536634368
1474529961
70269163
1683701330
869530815
2080861540
1332644599
1409159625
1402225704
1873929733
167132810
788256409
1554024740
307253587
1411702157
1829623344
1275023130
133461565
501443408
1730781869
869324797
131132953
2084090763
2055362398
525975322
214746067
1500101093
32558290
1079863301
391782826
1125279162
469014022
1866312787
1195548325
5231704
588359954
1128926218
1337876303
1997519580
383668274
1064322389
17168742
1171924683
470863481
324422329
436143193
153003178
1599445459
569604758
654446586
1182743681
1438929555
785579539
1119350796
1346808306
1311554861
1334096863
699425751
1344113152
266476517
1091208577
321908666
735490539
810037716
1517456991
740722243
1398397671
498899561
2078598547
1248433603
882567836
995437288
1265602345
2054492519
1466300769
1590024674
343152064
1619303947
1041986486
912756822
126266885
77246519
204202730
911846424
1196597315
1551011036
75917638
383210531
102953139
1420030790
649687048
1194161717
1741939456
1385177587
2004199433
1111912799
2125899830
1255113456
1610812361
2057014729
356063411
345896549
904968369
1621665756
252905420
223785491
1064206783
596057485
1843089438
2106193269
1508814307
1969356324
35956140
1713017037
733719100
1232553455
1116544425
809636738
1615763986
1219497565
82183880
117967386
266175634
1824123336
1503144973
122891419
788552488
1481561156
1378004876
251881201
1391092237
1734068287
597777750
148576959
1208250396
850683170
372362450
124973531
1446740655
67968240
83683152
808071315
2037324564
119639292
373604704
623560017
1352192747
1490149130
1433196755
820473086
562163047
1515380636
938440472
828338681
1192020324
294101798
951230100
1980572812
1775662954
181751328
84970365
1019271543
1915819616
682748115
1167848502
976586364
1533431286
1540210952
1101559895
832688293
1608179193
1185243047
1640759608
1498020109
1304882339
2014364313
2121580126
509591438
1357029795
1407293234
1330064524
1919192842
775190222
121021349
600047875
1967210546
415123147
1551277975
1800299711
43302453
1733029304
1885270076
1062573996
1501365272
420534544
82938851
330467988
1953965830
1623149803
1432027883
639170475
1083845348
469787282
132446436
434381810
1774669621
2146810749
408478288
136777411
1356356896
1815771522
1466841936
1128066090
443478096
1587863285
1728113965
263204995
2002986432
1131908292
2063504706
2046288885
717453948
1801291134
961379233
71335572
74342030
1044318084
401803560
2028307860
519984240
1833831443
519994688
1603829588
156135077
652441124
2038211398
1930804698
651768225
299206039
2067582110
2008125121
2114977561
1386940398
988707563
410972010
827320035
569337880
674177005
682822819
1701246172
590198063
581628056
271216473
244005549
1543007289
342552045
318347580
439841726
744355606
199171792
959825966
430703401
719166480
416171906
586838479
1371607604
306899657
370159529
2023375829
606105696
290257991
1884017302
573599609
1677198389
725241217
984571619
357034776
1294579097
1658748624
1039857595
848341622
101463039
1621485651
1119558095
345468589
1017009293
1462110140
663816169
1456851019
58982098
862987961
269193337
489685500
1582154442
685365243
1076523979
806278398
992264900
1446683508
682170580
1598370596
1736941500
418704234
24486558
1266656241
1143945452
1009058177
1623691018
291040901
520323154
516064965
1139382523
621786193
2137550617
111456970
967254782
1007076262
1573567111
1631070951
316443633
1632549209
346575265
585636970
2122234709
1928729707
1271002213
1051275040
587524457
115783466
350474901
1269695037
1714154062
2087416401
1688399272
1738640620
1206588994
684861076
600215150
682796364
975901977
1120538304
1198861330
2115284501
1742324497
1188928299
79257823
562095632
48520913
1652824934
45682935
364964546
1137890496
392258200
950601516
1112641557
173504259
74120081
16432950
761028717
189903547
366907851
2030723754
1904057610
306840604
1571639378
1495214582
1513429598
109016806
2095429732
48742315
1084918784
1068484388
1247603645
1052719637
663325238
289048296
1131977460
1225420870
337569209
637318747
1271103805
702533755
1775209243
1663362006
1653135271
740367152
1836866265
1727255352
756800102
450411334
1917158900
1123707953
333651441
1673732862
1430548557
1905290819
1021463796
796494508
2014307626
969409881
845236823
951742762
2037894269
2092840468
2004462399
553735859
234405116
988956211
1779156729
571974325
1626274958
902776887
1274508080
1254000553
418655245
780159703
1994367706
108037862
359931407
603684160
558449197
129606659
1727392114
892100638
1803339521
1010457023
649907809
677319670
1806951531
516731787
1646729551
504704706
1468474549
1537140172
450061526
1325453300
2090876032
684466642
166925864
1722549113
1256440967
1793200822
477842352
383465399
899717728
896497597
1163625102
746601786
1004535460
1523556510
1350285946
1562984657
1653163169
930194412
307601647
1309019043
1940651436
957509456
1986338713
1600119319
1474241244
1485584616
2104824026
795232145
875241140
407401904
2120685446
818633524
1091868547
140127662
393698990
200825866
1933328484
871541342
584291266
685562564
1768038940
1747916368
1432164350
625090752
1123989230
634966649
40591761
629668752
1565161061
348193408
1938687795
1358328849
1305702864
1777542860
810964521
632460460
1115643828
768304899
1427692606
1990884968
1175706803
1400894404
662034845
120091702
1541022066
1055733835
320917569
1326866902
1927275177
905208835
2012429467
1547830469
505641555
1297110169
25437573
1629630786
1932076818
66029334
111815890
1349754232
414222742
2050503685
560599433
1719925607
1680562897
1371563954
204902419
648723077
2139868853
1632595025
492124397
1168092009
886005781
1154159242
1288183711
279544199
62409429
1609101280
1606411102
1989684607
366826467
1471356921
1390031428
872468023
620983442
1415469002
354615161
405576613
1481498336
466431051
1755330845
1895721079
369451088
168446630
1468163038
2050013985
1540010585
1673065457
551253414
1532395790
1158176835
1043377811
553004151
2044182616
50053406
1841187863
176243168
112462835
1302805495
1782654270
2102147442
1669631963
1106527543
1344695223
394616338
1727510985
612680577
749231499
2133087598
2094178913
1215662550
1740934795
1842416344
1585113638
1909381426
1163095734
1487643975
1301908363
688677544
2038897389
686820505
1846854379
934791552
1239824657
1743553347
984844958
933528872
1919796515
1097307794
88850719
1554967137
1051971588
1758482682
514011032
249183163
5615372
94038370
861863740
754846871
79642320
808559006
1970509421
1820577116
503491702
1408139411
1582474894
1666587437
748299738
736899609
207781333
639713479
1423720114
2054635712
1574505032
516061123
1650705411
411866342
1449589995
1423018279
1509174136
1538440715
830501768
413662077
1149439749
1344512801
662845240
1155055122
1438551171
1524708981
1909901993
1518193491
185784339
1732927767
1191286959
689276041
993583530
626278205
208379830
1741883269
1363177814
416161163
234113100
639414281
323313227
1808618132
1155475404
1974018639
73000827
457581752
1249553270
1582174963
1996022467
2080055038
1995837040
997978568
1277084191
511198633
5550042
568151714
2035907614
1915452036
2086345206
74208305
1500896155
1130148517
763484346
346996037
1756426723
971864177
2088879306
972120889
1388025340
175508759
1611535170
1711338568
1984126891
619526927
1537873559
2057127718
1077108679
639943181
1491819034
925647498
572514571
1340172426
1923626066
1849598763
1851371059
1929176109
270266829
1739795025
1697144497
209128387
1814003330
1050557004
1339276905
430004029
1397553041
948219980
1401868206
1338948700
1920340869
642409898
1514457459
1384392392
206264818
1351100702
2003919319
1744138377
1260744773
933544350
236597910
605080159
1859191848
809112482
1945252585
1635334266
511227597
1649139997
1417026727
781494426
1241451374
966687576
990622814
907971057
2017244580
182416071
1337975086
1267313974
1130636051
592359644
458779026
903493272
1234769542
1973236485
140402016
1441034361
1176853539
2144321335
1037689090
290114664
930382037
1274287001
895194823
642090237
2083399483
692963761
129940856
447143432
194620110
1546967583
1228637858
1436071484
366171512
71777024
196558893
235932444
254193095
1534533979
1503246418
1384829146
2126893623
1962025444
140838771
1214179518
1787778281
281240787
507730231
817148173
278078475
1545419321
1107262837
1208460512
672222674
2002457661
1850550750
608138509
547937774
1980491606
1055281941
742557884
1379975541
136436152
31145720
1746147053
208213176
227704614
1982079498
462406272
1762238593
1337842268
1847235418
1741648569
1152384065
1988074189
808344439
792678698
121831329
1316074670
1609826871
399909804
714010343
569606061
1608370316
1386233018
424580074
1311437418
1994371527
972517848
1144445376
902169821
1715075732
376937270
1038605973
1746221452
2123084323
1246819149
1973926066
1957680173
1709225421
1588681012
1148038794
1408977192
1182845933
152939211
1249567733
1991190372
945617909
1371399062
1159781394
407961133
1771308866
1873791737
977567194
1232195535
1112541107
1402147268
396149305
959428987
227181468
1540594682
1861598808
1942257200
1917531952
752721133
1540995004
1893132627
1999540282
1367437423
1703329153
1561282056
808634787
703884299
822775600
1991480720
856823510
2072343333
1835187444
1802441419
1296258748
847485190
62918904
920083966
573793279
1040486098
4795853
1686334387
295149718
400945159
498279726
522331186
1941539841
212394886
317104738
1711588145
965116019
1858099743
1457237124
817172653
1078053518
1013082629
230971061
1886688305
1716966928
1053746661
1730685377
426306790
978606347
1418389173
81264562
127381447
118390715
144183466
1047465413
692183994
1184669565
1052261267
231034733
1479819283
1453206426
729314459
2002150470
1247262619
941709345
171771560
811367116
1906825364
2029871303
121120592
576514370
960441173
1134203222
807485431
699645830
703686502
1861232093
282847559
1129993293
692354792
1701236732
1211257855
819736239
1819627447
1355441321
1867201652
364327794
392627238
771979271
595362527
1872446522
77702049
1324676987
1727113344
1324964668
118902684
1898884904
2136331784
2025728049
1781272560
109968729
454758771
594230085
1244171951
1262244202
1293875916
1947858453
975992647
1576723475
930368098
1668347439
1130476560
2141625953
340600030
802620359
1349583627
60318035
1166948153
1742210865
832297306
1762310681
1467173739
909999356
939504020
1046803435
87480376
1058406704
798204692
76328513
936651105
431993604
186297242
1391409876
1026223689
1430469193
506170431
172615957
1230843998
1482163078
1749339433
13728449
1003026870
732332345
7870754
1343626900
1534952704
1357454381
1403944935
554417210
952181599
88758594
169244243
271871690
998757950
1108748263
1318675126
1086238326
19671319
2116879818
1162566839
956322425
401389774
1348864081
200248653
1427613463
631849626
706419084
1600229421
1862693625
41098515
1202085206
1876422074
1044125385
1934417551
1884292828
240268637
1321886607
1094263562
1644213573
1876303817
2046445161
1732972167
2045548060
170833203
584246469
1006812675
1489508329
1670484795
1026483995
1458904499
685567987
1982806420
1860294273
2034432068
35571425
1140424089
518798047
741990510
593169862
234008024
783089025
1795255068
2110430098
1827214410
1582188971
1847239278
2067483047
756591930
794019192
1564212972
485412100
692980705
1149701491
383476512
863813909
1733947960
1390289188
205838590
1256949108
269289535
1664743090
1942517095
104612307
1377553715
1829465515
140183732
370494156
200779914
882174242
963664018
434787938
1665263267
611435438
397734388
1344994029
46140761
97490019
1264993429
802732692
891509211
681722753
1288144792
1584489917
1831424245
1671621304
300820178
1417888557
914426844
506658768
527354017
1183716379
23918210
322387464
1288328686
1401471926
4369332
1428512419
1771966082
205149246
163203013
588146453
639937185
1828466281
1199581891
1037671573
1025976662
1245722653
1135161592
143486443
2048455345
2026670804
825209197
1189116489
1463677073
509149794
713254145
1764497251
1927038351
1627680990
123672371
306908721
663913721
147590582
629296185
1952242408
1549062508
633665517
1233271179
1173544942
838814764
1396474192
1761691395
1478751949
1077456825
813789639
368939874
2103433488
2059512292
1504101467
99436283
1960483989
1383288623
924645480
1002116830
699482048
1433795274
1715370975
316495651
1213349978
1195568317
440168022
1520258699
1859482039
587758604
2071236
1664240799
2136821112
635736754
750028330
1162882407
1474551518
2146502522
777090154
805819819
1076475700
1590879793
1174759693
1032425540
1502908437
531377512
1131861823
1315908778
1914666135
2056507304
170541960
466664535
1342818930
1885912936
783160186
408685260
933997605
1223328209
1928943959
645995996
1811086813
1931015196
162753147
1800424278
419268302
912781477
815823037
1893819820
911800352
1592913191
552155991
1988276052
1036309337
1726915684
873217944
391734126
110809549
2005079767
1707642905
2025475684
1914103423
1878184865
344656572
1109438706
1616614153
1127816758
1518123966
403128111
203661319
1299584278
1049124107
2014748133
1083115826
1211877255
1667688763
1502384128
2124658732
336028152
1248720300
888975436
1928941343
1800876291
729767840
817767032
1380308327
1602985784
1209501159
1491117876
1460581904
769660416
1369109913
1227201679
500361633
1713766485
189156737
2116975787
694099595
1707280704
372620250
897760915
859381334
1421744357
765025400
1942497160
486137964
285230515
1297397640
463313049
621258667
398634292
1352288485
402716362
52026935
2082056326
1220483395
1432335262
1537558462
282500906
775969491
850656718
1052161322
2145079404
2077858398
1552522955
1711362241
119531487
1522015094
257978188
1826812191
1894635344
1155739103
538709877
1168896054
1920764503
333723389
1655034018
58511370
1631121029
2118347067
679770037
2029755321
1323151905
1082486400
2081782256
1257724583
155486147
1366633871
647799397
437987053
2142603362
1498456116
1490148375
2140199118
1428830866
895187682
1704077711
1548362353
269719129
1962055899
1227690897
16870825
970311355
1766400774
1185766879
743592210
2100124164
693317250
802103581
1583761545
664180669
1481873618
1466033219
1987332574
416876370
1400331827
1097573509
572362517
619482050
1745372907
1010349570
614601764
1096345375
353014297
607317234
377692593
1248201980
163911297
1926054946
1517921109
2125967197
1006262195
1534791934
948794904
625179322
573075166
1692387114
577819838
1266392416
347007047
14097735
1930573085
1828880666
1480130954
1770422012
98273388
732979134
720511873
670635906
1352461184
318401132
1680985476
1967062949
1414746507
2033999774
426896535
1792439100
1134718106
590807833
1571010399
505155567
569291382
429788946
2039947501
1518086286
1054968268
465539019
1062989752
1632788106
1731931435
1409996800
1646885842
1515020873
1091393818
979533148
1137959237
1189667206
1712512282
1858471110
1860303112
917489819
29388595
1393804941
737069120
1444135102
1280321067
1163965655
1089090555
267555525
1754773488
512617306
772711092
176581222
942406252
665174945
1694667508
1997374521
1130713965
610173613
1482678979
715161752
2020170413
982081173
82698977
964080583
1961614322
1220658214
6264141
1526642956
931645677
1866567254
296649127
961034272
1112888547
1033718247
257685726
245725966
50200255
1346776281
513281491
1804973743
1859393587
1285992583
1981554966
654316192
1951167528
1528738826
504207065
934397845
2138912439
1986886044
1649559598
2011599204
821483570
1732258575
828196139
635614244
805433142
834460281
14773552
1737078819
553543887
311422680
550629443
1666432434
1345140927
808315169
1912158400
1395341182
7607803
277956243
1052831278
1867001390
1563948826
886902596
373833934
1367632706
268157774
878040999
154546904
259586566
717443396
1804106502
123702122
1538926966
1388881429
951898262
27057562
46830923
1786358543
41831114
1783909742
192418782
353253794
187055537
1858851216
1698394722
995370707
1623525968
946252256
1002978510
1901482211
1999083534
722496252
1317947389
738502482
1096330187
538096447
1006660257
1974371186
692643351
1266246823
544330934
349266205
1389948945
2083257900
1738147635
194363559
2110315462
1784978558
1980722102
4662929
1421404653
25657236
357916723
1608460190
1884508452
2056311445
456347249
1360550772
855080054
1459325759
1114549335
706679940
34338364
285013076
1445182423
1130668551
823109524
304359032
957556089
1515752875
1570605855
1501887024
1865019081
813071152
1437661276
1455683068
1007434712
1400493091
1093177978
840673166
1405156020
367098983
866330403
1763072743
1975559174
603355207
1671900541
284422775
1963905980
379496947
1743748535
930971667
1086176887
1778086899
1215984744
383875662
761271802
2039094268
688234694
1718827891
1407363495
111356901
1073231267
1124898928
924428054
363408896
433098348
1931862766
1763901987
1526276327
625052284
1021574359
1893375310
1491382687
637163454
1721450836
2094737895
161580347
2005873612
1911160227
541077294
1602138499
694648246
1627254182
1232741750
1910632990
2011129844
1994013552
1802243610
551880891
1565357795
1062123458
663237792
491105415
39538738
1587665846
854514311
472637087
1372044964
470932650
1998913414
1997097249
1492507009
1744805076
1340996288
2129670463
1318772265
1288250535
143767163
1177162229
1051927114
684844457
631817080
1746575361
164614991
1864558830
1509724703
28261188
1711088734
1164484666
580142079
1128962881
79124476
1243379871
1620068296
118663214
683562070
327098959
591300301
2055607034
798031609
442730067
1905220635
143054970
40051496
1098733276
125241786
1358823761
239500163
269008949
388502342
1291427278
953853406
1020319422
890518991
1118468398
737394604
252760046
1146729586
300999690
1417244712
1726871665
1429962571
1496369188
822767888
902547220
1615032403
1506329958
1229646179
58849056
1414453345
2027677789
501579124
1172190332
23249111
541630620
123439960
148490897
1900454381
362940124
417499846
141473075
1654367402
1371353253
1161792497
397402745
342338003
1899187101
650162791
1489067589
52703143
2067407504
1068455606
1482665714
1416293044
1891223494
237729286
883841799
1250069805
1467375466
942690856
517039502
1347569607
1444269980
1689229834
1370818718
1985900600
1812669795
1519309616
1738871333
28126271
1936809462
1880344408
1682493673
1160679067
894653257
2079896418
1503017070
646356710
582575561
844601011
699059853
502499417
1913056617
34241919
1918792462
1656796464
271971206
655150613
759382621
1739346672
1597841469
1276422123
939432631
894627801
818168309
162767701
733044753
483354456
1682077317
324432438
511480727
1471403132
57293198
46490752
484598551
951946455
2126387170
1987615622
1598303165
561479084
684732985
149879370
1063978501
450305955
184121290
835287315
2107102419
456092496
1490437929
719001392
47955520
940795750
1995423515
987388151
1835423552
666108176
1150155852
420984657
1149462633
684749522
745417096
1660943360
8669006
802710294
1707434113
493267557
1754656750
1686337635
333399531
1205476267
100333071
1018132517
1355355638
1164311573
1468438472
1539476928
1999598888
1428057243
1995569424
1342553169
2147058635
2043524944
135865272
1994998502
883429447
1971288824
513623030
2033585299
244789833
1663085663
570851173
990206929
1176545376
579520179
1792917224
736495841
1072787737
1400090326
275349828
1406187268
458082945
375682900
276836137
1813438583
1539994473
1745274609
1205431863
1392109713
1025848204
1053517639
587179235
1025423191
949558935
723044507
872938045
1832988382
546849683
1386561076
1719090034
791639516
902163091
142457559
1781846446
2078708467
721977739
1427280022
667720660
1794765476
679886700
943070489
1053469096
1137969645
1318753389
1330305234
803924581
711264214
928096195
2009356444
2103373927
1953944400
915390436
543069514
831883943
1864949371
1266114021
1704821989
1550454106
1812963704
943899417
1122060492
457119573
1846062508
1264518051
91482371
1777287328
1986495790
1518762393
297524340
1633777618
51165445
1240594829
539763067
1189135090
411864570
1870068301
1993059671
1123128784
650680848
1854932468
1079019064
457141600
622839256
1622088578
1289025544
340304979
740718952
846363885
1890759085
406199008
1790263302
865335929
863318581
1488842162
2129853981
954800952
1118645842
1968866123
326079697
1416170183
1455160094
377245142
509281364
1994923161
1566380233
921145935
1717507814
1411956256
2044274719
220705014
1119405076
975810135
677846615
1742244332
450415066
1966872159
2082549312
1191134018
665752396
1825824749
1597333026
308532050
543677031
313167960
1797374212
526047364
1267968912
768536407
347429839
1594048610
37222942
1802589933
1971293752
546504306
1650029446
1390190337
1467650241
1220053612
654662946
1364441313
1440758627
1774068022
192767800
2118605242
1368828707
643182866
1937993753
1303894371
1834316884
456262501
982235472
1284166263
764794551
1525912503
1597334223
414685115
2051959867
717819487
1183221522
251906059
164384449
1220444464
2054495992
2135678202
1766948771
1557041791
1378384891
1087115364
629611755
2033047837
304073029
2070370382
1659632212
496840830
2041491976
880977271
1140023696
1832002081
37387994
826856933
140780934
1019623466
2111023196
905575485
398052322
1560873771
1320260601
302528541
131209610
355998475
554434600
295594060
1576442940
461446945
283788614
1195908063
2018488736
1662173505
135539779
500616843
1547737695
439612809
423503578
1059886259
936453639
317511906
1940863530
2076477335
2030340
1978251524
755850620
142811274
850391342
719390168
1048386760
1248443664
132780291
221163713
1550972206
263989902
577162188
2105406806
559583962
6121480
419370103
843372576
1202029543
290375191
358062433
1337569323
790992035
1905800128
1777182132
1214495613
818202739
566152123
1532007519
611582621
495145810
1534037859
442350497
1250996431
1676849134
1292741840
1970386599
577752246
393701856
2103166891
798915959
1944674062
219673145
1376078147
1902597221
779257107
1382199628
174483676
1622629683
436745523
464858868
1980692116
1774314846
1255850903
1739008597
1404013330
322862868
409727688
1970165453
1854870387
1021310310
317827616
1241424599
1463660807
1568824047
770790085
608918999
1391726998
1348542331
1002620856
1347410241
2147458290
799811270
1567083386
1376052789
554924843
198856845
610768769
729408520
1821486528
1047514293
1194267388
1654694997
674345491
302634643
1246219946
2078358822
625497511
1655947634
1901040627
332884250
529774296
71384595
1574308849
1993435104
1640208642
197615286
454870455
884451993
1546157617
1457491311
84378586
1546132259
109818934
1651461973
774701401
664743777
1850318818
1385470170
1394152297
1524321699
285500815
440936037
1031533048
959846307
743570680
130269346
890721481
1369068191
1786216980
644278460
1701952442
168507629
715663056
1128777643
14459085
208388050
1326392930
469329540
1092840043
725066899
1926820852
1177218630
123715511
2036639786
681196955
898416912
553899915
384032125
136403434
1948052213
1908353824
421904250
241504602
792403224
1381750557
985075283
922672570
124988390
206659826
561405903
769266850
1908612268
729913532
1484929906
889906264
744372617
1693317957
68815546
1213702157
638674352
793882445
993039361
1815892982
917597956
882195499
349606289
1816014868
1436095415
733638415
1952418303
1236663980
494508591
226838905
1478168582
1286911816
1608589462
315760217
62100738
1733577852
522420044
623506641
355361054
283548664
1353420173
1840290961
1173454928
2097792790
1386125270
1242270474
1164011300
2024799622
2036152920
9567013
1693208957
806267228
891762513
2042815246
474798449
180374280
628970013
279733104
1417038260
1123478605
506572009
747723194
262906773
2115161471
1063483412
325007511
1701255675
1585903456
948514153
2056616729
1869452120
154450678
1749424042
895423401
104759821
988065664
2137693875
1268771121
865381639
2026363147
1278338134
411106948
685146728
22616999
306438546
1159945177
202991279
935408560
1439678281
1620029539
2058887165
1946250290
220269086
174310290
1913928113
1283752498
499317801
1467700140
722172306
1447831954
1376833221
444140778
1602282633
978773616
1339564179
1707042454
1966839280
1329774407
828329927
684737271
1208653906
2106668061
1095844219
1893800634
2129285061
1402282766
906262163
184792692
190207678
198456796
1804822232
101611195
2144707086
2025091318
275921485
1911151551
1161360168
775239286
1231368043
1883532474
75587593
460717617
180189604
1677870226
1439491233
1519753784
1237429032
1258846865
702044543
2065758959
1943584137
1910698449
2024943372
891944708
1657015436
2006744785
146743826
415793951
44053830
336951504
614250748
1848876062
438562699
611474186
1726483732
714484184
375142090
740360252
1489723471
1606510133
476409078
1565311064
2067227750
656598682
1095697642
1359235335
28868818
185643026
470598553
730913361
103918337
266699042
494128163
2128861709
1158643750
3659951
1988122847
1305387577
419453902
2032176677
1642339081
1033704650
1733569091
2080901781
1645178837
1312569175
647902317
2020320927
2052929427
2137625788
1479347412
381854857
1555453204
1399091515
1038453539
503667198
610843202
1067322358
689310224
1081441755
1798235719
793228561
1348140797
144880234
774606623
359300900
148540185
615245822
1664688477
567994088
499938851
1159543910
1601698738
86024294
1092962043
1099393927
1398593469
1740864361
972231206
1304039248
1731006501
304094971
1685894105
1138976058
1703186486
576863996
1642643256
166546040
1644186354
184469833
1247987796
1294938426
977698394
448644945
1439818660
1752305017
807945845
1588358846
220067191
325150674
8869286
720006042
1484694585
1610568024
806030336
430172980
562478304
57140157
23553693
1534709510
1361179405
1754560195
1838804481
899589862
746052605
1394507319
1476453859
241212213
1561053360
973156565
425682046
661557508
120611343
1403380441
1110202453
1560430004
1008201810
1918148299
1001305202
1228269002
95815325
1010174488
1948275044
1580509910
473258864
606821733
2010682891
1035737168
663961890
2034236584
422963031
2025141296
1641313131
114283864
777247510
239882088
1508791184
106217721
481094302
922360896
1079374287
906776348
1583918404
1199985630
162673141
546637209
612931986
1170874952
317301860
1614237188
251660306
413117186
476928028
52451702
1993627096
950186893
659273435
1856826339
1985924061
1323235326
1743579276
261403444
1200892974
1237408759
375687309
1978140484
1477290848
1884478493
2084358206
1958385150
659355741
1016248845
717677850
95790497
68750827
880350992
642427706
681682814
2051225944
959729567
148436354
155402602
1372846753
625364383
207854304
1218990201
1575551276
867127740
928332893
1413991689
42879418
524428521
1675395134
1243772392
1761837280
2051082443
1074429228
1091644480
1788077288
1011303786
902545982
299949381
2027552631
1620223833
395739878
2096303459
353091177
1038167584
630502625
256833473
1997897151
778938979
412236075
1223260256
1404303362
620090379
294766810
832370990
1487218119
1223099703
98879032
1530097537
1747528224
1774274166
626386281
1361881856
1677872961
1700815510
306042689
1318466601
564635648
1208588671
1618415982
444704632
681328856
2014155860
393524443
1034420033
904839796
1024027068
1291253506
755253300
1802966047
1703489581
1978513556
1059785762
176096313
125796718
1892156752
1663314432
1348896421
1991035784
1045928322
948940997
1617826302
1672314603
163339206
1148215615
1225646465
469381895
319198568
1790282114
1677970566
1937614550
87503098
211815775
1804286762
481027541
1246235808
561642911
1505054609
390005667
1316896211
1160537008
2093495248
1147926119
72839122
122107913
1273722838
1964995875
1785422346
475135611
1808548011
683867020
1424076609
1278890666
208697975
1587415815
279622633
1434344441
2056797710
598821202
1077142907
1587284628
388952104
1164646005
1799100403
45755219
1645673546
897852564
607398130
1003244507
1287858231
1924294341
16297867
1233869831
924736812
89136990
1355977745
50976002
2054132865
993916443
526111614
1715197228
1677783463
1950188223
846604246
1886481438
1390120390
1126226880
1173342231
1299434452
1725048082
103001490
739235432
2114000186
1267647495
390852188
12271757
765837393
1288704752
619669887
1769081900
429079335
396480580
1785379768
1662949166
1321217393
1874516758
871443263
1372193395
1781165975
1865359706
1898305009
1348879555
1395659521
1701009584
48000154
1134657312
943646326
1174227034
160515895
95597130
751791468
263517386
834832563
718308006
1531164881
1225684751
730579764
149518627
366905855
1350249651
1918600527
795985190
1746730232
1556496647
311450708
920463977
1283529757
1182893972
145173724
917212084
900770030
2043478734
118607992
148945904
1597004670
166608146
1283603216
393167349
1340835180
1444119111
488764479
2092626648
1707636497
1323597042
663451006
1091317731
401798145
1394030770
1240836358
768704000
596796774
1011953237
1564689190
196043358
420966237
1876139899
1116507335
1704495994
911550223
1261681059
474224431
1812320253
1157676145
592832423
1961266157
607197168
759440569
1097385725
1000364517
2100275749
394021189
1489128996
2045418749
2101657686
665242391
561386107
1045491769
1067040536
1955416878
138844479
1835744537
404730004
1150797717
1252950079
600773362
1571763954
981606330
1717280697
1128776300
1893156553
831478108
1603000731
1557993159
1989154254
48349506
1371775668
448867774
807790075
321677746
1449232291
760582176
715698935
790877639
658517277
669872973
1456120030
1219903385
1715364743
375676919
1027836615
1854209222
63937808
1432566619
857523291
1316887887
2033339981
281803597
151010570
1603137030
1410579898
2044167123
287131490
866096981
1454676634
128802096
914446488
678968655
577669870
1722236563
1000646401
2026902161
335335092
1716345336
670296153
993852369
238734661
2126416183
66272106
1954099404
354609454
1094108721
1660824979
418547262
379191692
370864622
1735435150
265048025
652668220
1886445720
1868185055
2063248118
1783129195
7832898
781861451
1090322182
136634994
1696307939
1769290837
714304865
1271060855
622453590
593723378
1606395947
191315278
1264019531
452764668
430049939
1242952067
519036775
236665696
1597561521
1613145496
1897490675
2016108784
1992337189
120871649
1604060286
109901566
773539869
1343022358
1978086622
689304339
978667905
1985919520
1471165791
2068990087
2122554514
1019990082
1690797276
689375731
143567289
165767218
1283099110
1749963236
357082496
399634993
55244257
787132436
1642587060
574281032
1023798132
1092664934
39942880
773805159
961290070
2032280069
894676808
417866708
2142181636
1668216678
1760889066
1972784610
210037369
592073323
1811220482
1681203160
513579763
1786291348
553709595
56893391
328183432
697276884
222660610
1611282542
299756473
579743106
2010917535
355000730
1366875542
1506020948
929281762
243190026
451202234
969224642
1016995185
1412492304
854021064
1911671994
1830359012
848719052
1432405024
1443764430
674020014
1642442393
2035837753
337756848
1176161906
401933868
2124048196
1729871501
458827260
304747980
279664737
681487870
1916030522
579421210
1261230976
1779464410
934421940
480622871
1138001710
1863703702
723812897
1589203944
685444697
1740808083
854212600
1539465761
1504996429
537087964
240701165
789917805
1980852394
914721179
284876550
1869206499
1252478027
1461038456
123656720
1229042575
1043426309
582483980
1533790556
1323091047
1263971850
1302337430
1902512257
377719178
934318192
689450550
858342049
2072319902
405670604
1582154947
1514040198
1091115301
1175479382
220769150
483097414
532992163
757857114
723798579
1322909968
591225860
1638519758
1607786518
312948712
743514137
921341327
436605432
1972556713
1964767636
1019089412
1358863621
1140375035
135577614
513717403
895403645
513296792
1448035596
1584854195
1371638842
1372871850
1990524799
806310141
739428401
934156453
1981789523
960197551
1417253867
367298038
1718054666
2141052447
1690208006
161796878
1632088557
1150510876
474745590
228119047
2071852203
911351022
53192112
1889136192
1930440434
1412055733
882027579
2066018048
1925773136
1777431224
431831193
1226325084
1214801771
1803470035
451713287
1057842923
462296528
1191141688
1991999376
296602403
3855591
1261769595
663900441
1721910257
1255338394
206624799
1883707136
739943304
1357135675
210969078
968062351
1281504231
1122320101
1021254463
1023156775
905276887
285826548
1905184354
823811288
64116036
1535131931
1255642481
1290441121
602450054
911628868
1742154408
1660292977
1373925396
785812448
1504808705
1670527799
789668039
619094653
186944592
364094649
1874433047
393569391
100318137
466892703
1750705066
311287215
1434955054
884725649
1433607316
308725869
1907882424
191400556
594552417
1665583131
1015211844
658668454
1053231414
123370677
1949109575
1655681468
1034999545
1543780335
1168490798
261441293
182109135
525815855
1931969092
971777174
1144910508
2118913684
1335871823
871859908
364999427
1436189960
1338752611
2115704493
1747477176
626224018
852946495
1033600844
934949887
613345271
1225001400
1529502305
131444754
92729596
40687111
1184676168
216100273
1989796686
692873989
1251099818
1386093373
1861364787
1512541111
1568202508
239696994
1297026555
392496034
1384607503
1268456591
1728367858
108983763
1633456018
1017074170
1447736374
1601676864
617067698
2073960392
307139711
1650668543
861426632
920484982
728186295
243445289
1051929737
820915892
284132400
89122257
1037016165
126445438
781996246
140632336
1512538811
495877385
1653173447
933257671
735574380
802716355
1325753705
2120181883
2071172946
906637915
81681998
1557145317
1923712086
1529418372
1011338533
393296136
1455895117
1318478244
2043964679
169838101
91479578
624667327
413283390
1143409315
1445583219
697415790
1232531573
335115736
823861228
2014527819
475748072
188916391
362921557
2128921520
1122174062
1098495937
784154227
300444119
1071194172
707843525
1207082035
1152876170
117505194
983310473
534810894
1128843727
1376606609
1990706011
299838323
1273087641
13060464
391317902
1897754968
426343854
1534727217
1195854539
1123759644
619775142
1530970275
1947620872
486819314
2006718348
2136537263
849740871
1988156220
1111227677
1948236808
624826799
1411671797
871947332
1332670324
471270184
2024823502
1450175519
1454580657
412150748
431535598
683703618
255373112
731373922
1956791259
268433576
1122691824
1707062579
694777431
509935393
755433470
1818537075
1129710536
138920098
1618674300
1616529850
2145638446
1607727915
318787073
1986311018
571471945
119540233
463654169
1983143742
991487565
1796324493
306930278
868827419
1099016364
1761510935
1280978167
1530551963
297730905
1536351279
114442237
107038517
1804784856
1237134061
1814101096
352078639
1747069454
422050919
23132066
729296342
560971017
1641806366
198342544
559125815
1102050634
517129617
397953185
1673522579
636669850
861607354
1509182673
1628157415
510448199
1816112951
349501186
1609464564
1430140238
1630479354
992532879
1727871143
1019346985
1106975116
1834909660
676648193
196625529
1501527109
1028726832
1943694983
1923578028
1051858899
525507678
337065397
546181617
723850222
896191212
1648232251
1240979840
1294144397
1174271182
1877649690
8268103
535970207
1358323458
518716302
204599510
1707824644
2128180866
1634739748
1190820350
973230097
1215127244
62683688
2080205213
902553256
739331881
129347094
256596717
1768058714
2073042078
32691097
672433965
451066108
369756494
1218615582
1174916330
1265947706
719364186
268412522
412608455
1893635368
2146062213
420876558
282121928
1356902023
939592861
486721438
917243019
920290079
2121461187
2108063370
1893520177
1189104783
23263410
1826241742
2091658039
762595291
1955588837
200771109
383170357
1881147267
233462206
1055604322
184729727
603218701
126736257
1359646057
1869166407
846100443
1628058580
134291215
592252163
1626637145
555167773
874374091
836055520
1494760634
1361095530
1753298539
267567066
1335073069
1713878261
13603595
376694204
1737141671
1839845337
320868595
352253315
1647950526
521639704
735423672
1381614145
755101911
1791027995
1566343872
1358320612
1917764252
778506282
1080003371
616381047
259081214
1214294586
1208633210
1885718359
1769462360
2083007302
574290231
1116739346
1296619184
180105122
1384306412
484208605
1893983384
1397910007
860902809
1483641407
1090271697
1181771404
1835894722
590738575
1703411109
423834747
1972352721
311029372
67379094
1391212945
1669349984
1985143346
22235579
601869707
454040745
281316793
1816164294
1662673955
19551504
1438143006
1598197609
593841735
407398704
747333145
773946858
1791705117
1231541750
520446594
1042131476
2092444559
2004088001
2132403173
1126732316
1692499076
575658101
682659777
2116333823
400527174
993689149
36229269
1791740119
515555485
2021372615
1813975699
1117425192
327929712
2095292492
786105838